(kicad_pcb (version 20171130) (host pcbnew "(5.1.6)-1")

  (general
    (thickness 1.6)
    (drawings 9)
    (tracks 252)
    (zones 0)
    (modules 42)
    (nets 62)
  )

  (page A4)
  (layers
    (0 F.Cu signal)
    (31 B.Cu signal)
    (32 B.Adhes user)
    (33 F.Adhes user)
    (34 B.Paste user)
    (35 F.Paste user)
    (36 B.SilkS user)
    (37 F.SilkS user)
    (38 B.Mask user)
    (39 F.Mask user)
    (40 Dwgs.User user)
    (41 Cmts.User user)
    (42 Eco1.User user)
    (43 Eco2.User user)
    (44 Edge.Cuts user)
    (45 Margin user)
    (46 B.CrtYd user)
    (47 F.CrtYd user)
    (48 B.Fab user)
    (49 F.Fab user)
  )

  (setup
    (last_trace_width 0.25)
    (trace_clearance 0.2)
    (zone_clearance 0.508)
    (zone_45_only no)
    (trace_min 0.2)
    (via_size 0.8)
    (via_drill 0.4)
    (via_min_size 0.4)
    (via_min_drill 0.3)
    (uvia_size 0.3)
    (uvia_drill 0.1)
    (uvias_allowed no)
    (uvia_min_size 0.2)
    (uvia_min_drill 0.1)
    (edge_width 0.05)
    (segment_width 0.2)
    (pcb_text_width 0.3)
    (pcb_text_size 1.5 1.5)
    (mod_edge_width 0.12)
    (mod_text_size 1 1)
    (mod_text_width 0.15)
    (pad_size 1.524 1.524)
    (pad_drill 0.762)
    (pad_to_mask_clearance 0.05)
    (aux_axis_origin 0 0)
    (visible_elements FFFFFF7F)
    (pcbplotparams
      (layerselection 0x010fc_ffffffff)
      (usegerberextensions false)
      (usegerberattributes true)
      (usegerberadvancedattributes true)
      (creategerberjobfile true)
      (excludeedgelayer true)
      (linewidth 0.100000)
      (plotframeref false)
      (viasonmask false)
      (mode 1)
      (useauxorigin false)
      (hpglpennumber 1)
      (hpglpenspeed 20)
      (hpglpendiameter 15.000000)
      (psnegative false)
      (psa4output false)
      (plotreference true)
      (plotvalue true)
      (plotinvisibletext false)
      (padsonsilk false)
      (subtractmaskfromsilk false)
      (outputformat 1)
      (mirror false)
      (drillshape 1)
      (scaleselection 1)
      (outputdirectory ""))
  )

  (net 0 "")
  (net 1 "Net-(D1-Pad2)")
  (net 2 "Net-(D1-Pad1)")
  (net 3 "Net-(D2-Pad2)")
  (net 4 "Net-(D3-Pad2)")
  (net 5 "Net-(D4-Pad2)")
  (net 6 "Net-(D5-Pad2)")
  (net 7 "Net-(D6-Pad2)")
  (net 8 "Net-(J1-Pad3)")
  (net 9 "Net-(J1-Pad2)")
  (net 10 "Net-(J2-Pad3)")
  (net 11 "Net-(J2-Pad2)")
  (net 12 "Net-(J3-Pad3)")
  (net 13 "Net-(J3-Pad2)")
  (net 14 "Net-(J4-Pad2)")
  (net 15 "Net-(J4-Pad3)")
  (net 16 "Net-(J5-Pad2)")
  (net 17 "Net-(J5-Pad3)")
  (net 18 "Net-(J6-Pad3)")
  (net 19 "Net-(J6-Pad2)")
  (net 20 "Net-(J7-Pad3)")
  (net 21 "Net-(J7-Pad2)")
  (net 22 "Net-(J8-Pad3)")
  (net 23 "Net-(J8-Pad2)")
  (net 24 "Net-(J9-Pad2)")
  (net 25 "Net-(J9-Pad3)")
  (net 26 "Net-(J10-Pad2)")
  (net 27 "Net-(J10-Pad3)")
  (net 28 "Net-(J11-Pad2)")
  (net 29 "Net-(J11-Pad3)")
  (net 30 "Net-(J12-Pad3)")
  (net 31 "Net-(J12-Pad2)")
  (net 32 "Net-(J13-Pad3)")
  (net 33 "Net-(J13-Pad2)")
  (net 34 "Net-(J14-Pad2)")
  (net 35 "Net-(J14-Pad3)")
  (net 36 "Net-(J15-Pad2)")
  (net 37 "Net-(J15-Pad3)")
  (net 38 "Net-(J16-Pad2)")
  (net 39 "Net-(J16-Pad3)")
  (net 40 "Net-(J17-Pad2)")
  (net 41 "Net-(J17-Pad3)")
  (net 42 "Net-(J18-Pad3)")
  (net 43 "Net-(J18-Pad2)")
  (net 44 "Net-(R1-Pad1)")
  (net 45 "Net-(R3-Pad1)")
  (net 46 "Net-(R5-Pad1)")
  (net 47 "Net-(R7-Pad1)")
  (net 48 "Net-(R9-Pad1)")
  (net 49 "Net-(R11-Pad1)")
  (net 50 "Net-(U1-Pad4)")
  (net 51 "Net-(U1-Pad6)")
  (net 52 "Net-(U2-Pad6)")
  (net 53 "Net-(U2-Pad4)")
  (net 54 "Net-(U3-Pad4)")
  (net 55 "Net-(U3-Pad6)")
  (net 56 "Net-(U4-Pad6)")
  (net 57 "Net-(U4-Pad4)")
  (net 58 "Net-(U5-Pad4)")
  (net 59 "Net-(U5-Pad6)")
  (net 60 "Net-(U6-Pad6)")
  (net 61 "Net-(U6-Pad4)")

  (net_class Default "This is the default net class."
    (clearance 0.2)
    (trace_width 0.25)
    (via_dia 0.8)
    (via_drill 0.4)
    (uvia_dia 0.3)
    (uvia_drill 0.1)
    (add_net "Net-(D1-Pad1)")
    (add_net "Net-(D1-Pad2)")
    (add_net "Net-(D2-Pad2)")
    (add_net "Net-(D3-Pad2)")
    (add_net "Net-(D4-Pad2)")
    (add_net "Net-(D5-Pad2)")
    (add_net "Net-(D6-Pad2)")
    (add_net "Net-(J1-Pad2)")
    (add_net "Net-(J1-Pad3)")
    (add_net "Net-(J10-Pad2)")
    (add_net "Net-(J10-Pad3)")
    (add_net "Net-(J11-Pad2)")
    (add_net "Net-(J11-Pad3)")
    (add_net "Net-(J12-Pad2)")
    (add_net "Net-(J12-Pad3)")
    (add_net "Net-(J13-Pad2)")
    (add_net "Net-(J13-Pad3)")
    (add_net "Net-(J14-Pad2)")
    (add_net "Net-(J14-Pad3)")
    (add_net "Net-(J15-Pad2)")
    (add_net "Net-(J15-Pad3)")
    (add_net "Net-(J16-Pad2)")
    (add_net "Net-(J16-Pad3)")
    (add_net "Net-(J17-Pad2)")
    (add_net "Net-(J17-Pad3)")
    (add_net "Net-(J18-Pad2)")
    (add_net "Net-(J18-Pad3)")
    (add_net "Net-(J2-Pad2)")
    (add_net "Net-(J2-Pad3)")
    (add_net "Net-(J3-Pad2)")
    (add_net "Net-(J3-Pad3)")
    (add_net "Net-(J4-Pad2)")
    (add_net "Net-(J4-Pad3)")
    (add_net "Net-(J5-Pad2)")
    (add_net "Net-(J5-Pad3)")
    (add_net "Net-(J6-Pad2)")
    (add_net "Net-(J6-Pad3)")
    (add_net "Net-(J7-Pad2)")
    (add_net "Net-(J7-Pad3)")
    (add_net "Net-(J8-Pad2)")
    (add_net "Net-(J8-Pad3)")
    (add_net "Net-(J9-Pad2)")
    (add_net "Net-(J9-Pad3)")
    (add_net "Net-(R1-Pad1)")
    (add_net "Net-(R11-Pad1)")
    (add_net "Net-(R3-Pad1)")
    (add_net "Net-(R5-Pad1)")
    (add_net "Net-(R7-Pad1)")
    (add_net "Net-(R9-Pad1)")
    (add_net "Net-(U1-Pad4)")
    (add_net "Net-(U1-Pad6)")
    (add_net "Net-(U2-Pad4)")
    (add_net "Net-(U2-Pad6)")
    (add_net "Net-(U3-Pad4)")
    (add_net "Net-(U3-Pad6)")
    (add_net "Net-(U4-Pad4)")
    (add_net "Net-(U4-Pad6)")
    (add_net "Net-(U5-Pad4)")
    (add_net "Net-(U5-Pad6)")
    (add_net "Net-(U6-Pad4)")
    (add_net "Net-(U6-Pad6)")
  )

  (module LED_THT:LED_D5.0mm (layer F.Cu) (tedit 5995936A) (tstamp 603ECEE7)
    (at 122.098571 57.912 180)
    (descr "LED, diameter 5.0mm, 2 pins, http://cdn-reichelt.de/documents/datenblatt/A500/LL-504BC2E-009.pdf")
    (tags "LED diameter 5.0mm 2 pins")
    (path /603E92E1)
    (fp_text reference D1 (at 1.27 6.708) (layer F.SilkS)
      (effects (font (size 1 1) (thickness 0.15)))
    )
    (fp_text value LED (at 1.27 3.96) (layer F.Fab)
      (effects (font (size 1 1) (thickness 0.15)))
    )
    (fp_text user %R (at 1.25 0) (layer F.Fab)
      (effects (font (size 0.8 0.8) (thickness 0.2)))
    )
    (fp_arc (start 1.27 0) (end -1.29 1.54483) (angle -148.9) (layer F.SilkS) (width 0.12))
    (fp_arc (start 1.27 0) (end -1.29 -1.54483) (angle 148.9) (layer F.SilkS) (width 0.12))
    (fp_arc (start 1.27 0) (end -1.23 -1.469694) (angle 299.1) (layer F.Fab) (width 0.1))
    (fp_circle (center 1.27 0) (end 3.77 0) (layer F.Fab) (width 0.1))
    (fp_circle (center 1.27 0) (end 3.77 0) (layer F.SilkS) (width 0.12))
    (fp_line (start -1.23 -1.469694) (end -1.23 1.469694) (layer F.Fab) (width 0.1))
    (fp_line (start -1.29 -1.545) (end -1.29 1.545) (layer F.SilkS) (width 0.12))
    (fp_line (start -1.95 -3.25) (end -1.95 3.25) (layer F.CrtYd) (width 0.05))
    (fp_line (start -1.95 3.25) (end 4.5 3.25) (layer F.CrtYd) (width 0.05))
    (fp_line (start 4.5 3.25) (end 4.5 -3.25) (layer F.CrtYd) (width 0.05))
    (fp_line (start 4.5 -3.25) (end -1.95 -3.25) (layer F.CrtYd) (width 0.05))
    (pad 2 thru_hole circle (at 2.54 0 180) (size 1.8 1.8) (drill 0.9) (layers *.Cu *.Mask)
      (net 1 "Net-(D1-Pad2)"))
    (pad 1 thru_hole rect (at 0 0 180) (size 1.8 1.8) (drill 0.9) (layers *.Cu *.Mask)
      (net 2 "Net-(D1-Pad1)"))
    (model ${KISYS3DMOD}/LED_THT.3dshapes/LED_D5.0mm.wrl
      (at (xyz 0 0 0))
      (scale (xyz 1 1 1))
      (rotate (xyz 0 0 0))
    )
  )

  (module LED_THT:LED_D5.0mm (layer F.Cu) (tedit 5995936A) (tstamp 603ECEF9)
    (at 145.877142 57.912 180)
    (descr "LED, diameter 5.0mm, 2 pins, http://cdn-reichelt.de/documents/datenblatt/A500/LL-504BC2E-009.pdf")
    (tags "LED diameter 5.0mm 2 pins")
    (path /603E94F2)
    (fp_text reference D2 (at 1.27 6.708) (layer F.SilkS)
      (effects (font (size 1 1) (thickness 0.15)))
    )
    (fp_text value LED (at 1.27 3.96) (layer F.Fab)
      (effects (font (size 1 1) (thickness 0.15)))
    )
    (fp_line (start 4.5 -3.25) (end -1.95 -3.25) (layer F.CrtYd) (width 0.05))
    (fp_line (start 4.5 3.25) (end 4.5 -3.25) (layer F.CrtYd) (width 0.05))
    (fp_line (start -1.95 3.25) (end 4.5 3.25) (layer F.CrtYd) (width 0.05))
    (fp_line (start -1.95 -3.25) (end -1.95 3.25) (layer F.CrtYd) (width 0.05))
    (fp_line (start -1.29 -1.545) (end -1.29 1.545) (layer F.SilkS) (width 0.12))
    (fp_line (start -1.23 -1.469694) (end -1.23 1.469694) (layer F.Fab) (width 0.1))
    (fp_circle (center 1.27 0) (end 3.77 0) (layer F.SilkS) (width 0.12))
    (fp_circle (center 1.27 0) (end 3.77 0) (layer F.Fab) (width 0.1))
    (fp_arc (start 1.27 0) (end -1.23 -1.469694) (angle 299.1) (layer F.Fab) (width 0.1))
    (fp_arc (start 1.27 0) (end -1.29 -1.54483) (angle 148.9) (layer F.SilkS) (width 0.12))
    (fp_arc (start 1.27 0) (end -1.29 1.54483) (angle -148.9) (layer F.SilkS) (width 0.12))
    (fp_text user %R (at 1.25 0) (layer F.Fab)
      (effects (font (size 0.8 0.8) (thickness 0.2)))
    )
    (pad 1 thru_hole rect (at 0 0 180) (size 1.8 1.8) (drill 0.9) (layers *.Cu *.Mask)
      (net 2 "Net-(D1-Pad1)"))
    (pad 2 thru_hole circle (at 2.54 0 180) (size 1.8 1.8) (drill 0.9) (layers *.Cu *.Mask)
      (net 3 "Net-(D2-Pad2)"))
    (model ${KISYS3DMOD}/LED_THT.3dshapes/LED_D5.0mm.wrl
      (at (xyz 0 0 0))
      (scale (xyz 1 1 1))
      (rotate (xyz 0 0 0))
    )
  )

  (module LED_THT:LED_D5.0mm (layer F.Cu) (tedit 5995936A) (tstamp 603ECF0B)
    (at 169.655713 57.912 180)
    (descr "LED, diameter 5.0mm, 2 pins, http://cdn-reichelt.de/documents/datenblatt/A500/LL-504BC2E-009.pdf")
    (tags "LED diameter 5.0mm 2 pins")
    (path /603E9EDC)
    (fp_text reference D3 (at 1.27 6.708) (layer F.SilkS)
      (effects (font (size 1 1) (thickness 0.15)))
    )
    (fp_text value LED (at 1.27 3.96) (layer F.Fab)
      (effects (font (size 1 1) (thickness 0.15)))
    )
    (fp_line (start 4.5 -3.25) (end -1.95 -3.25) (layer F.CrtYd) (width 0.05))
    (fp_line (start 4.5 3.25) (end 4.5 -3.25) (layer F.CrtYd) (width 0.05))
    (fp_line (start -1.95 3.25) (end 4.5 3.25) (layer F.CrtYd) (width 0.05))
    (fp_line (start -1.95 -3.25) (end -1.95 3.25) (layer F.CrtYd) (width 0.05))
    (fp_line (start -1.29 -1.545) (end -1.29 1.545) (layer F.SilkS) (width 0.12))
    (fp_line (start -1.23 -1.469694) (end -1.23 1.469694) (layer F.Fab) (width 0.1))
    (fp_circle (center 1.27 0) (end 3.77 0) (layer F.SilkS) (width 0.12))
    (fp_circle (center 1.27 0) (end 3.77 0) (layer F.Fab) (width 0.1))
    (fp_arc (start 1.27 0) (end -1.23 -1.469694) (angle 299.1) (layer F.Fab) (width 0.1))
    (fp_arc (start 1.27 0) (end -1.29 -1.54483) (angle 148.9) (layer F.SilkS) (width 0.12))
    (fp_arc (start 1.27 0) (end -1.29 1.54483) (angle -148.9) (layer F.SilkS) (width 0.12))
    (fp_text user %R (at 1.25 0) (layer F.Fab)
      (effects (font (size 0.8 0.8) (thickness 0.2)))
    )
    (pad 1 thru_hole rect (at 0 0 180) (size 1.8 1.8) (drill 0.9) (layers *.Cu *.Mask)
      (net 2 "Net-(D1-Pad1)"))
    (pad 2 thru_hole circle (at 2.54 0 180) (size 1.8 1.8) (drill 0.9) (layers *.Cu *.Mask)
      (net 4 "Net-(D3-Pad2)"))
    (model ${KISYS3DMOD}/LED_THT.3dshapes/LED_D5.0mm.wrl
      (at (xyz 0 0 0))
      (scale (xyz 1 1 1))
      (rotate (xyz 0 0 0))
    )
  )

  (module LED_THT:LED_D5.0mm (layer F.Cu) (tedit 5995936A) (tstamp 603ECF1D)
    (at 193.434284 57.912 180)
    (descr "LED, diameter 5.0mm, 2 pins, http://cdn-reichelt.de/documents/datenblatt/A500/LL-504BC2E-009.pdf")
    (tags "LED diameter 5.0mm 2 pins")
    (path /603EA055)
    (fp_text reference D4 (at 1.27 6.708) (layer F.SilkS)
      (effects (font (size 1 1) (thickness 0.15)))
    )
    (fp_text value LED (at 1.27 3.96) (layer F.Fab)
      (effects (font (size 1 1) (thickness 0.15)))
    )
    (fp_text user %R (at 1.25 0) (layer F.Fab)
      (effects (font (size 0.8 0.8) (thickness 0.2)))
    )
    (fp_arc (start 1.27 0) (end -1.29 1.54483) (angle -148.9) (layer F.SilkS) (width 0.12))
    (fp_arc (start 1.27 0) (end -1.29 -1.54483) (angle 148.9) (layer F.SilkS) (width 0.12))
    (fp_arc (start 1.27 0) (end -1.23 -1.469694) (angle 299.1) (layer F.Fab) (width 0.1))
    (fp_circle (center 1.27 0) (end 3.77 0) (layer F.Fab) (width 0.1))
    (fp_circle (center 1.27 0) (end 3.77 0) (layer F.SilkS) (width 0.12))
    (fp_line (start -1.23 -1.469694) (end -1.23 1.469694) (layer F.Fab) (width 0.1))
    (fp_line (start -1.29 -1.545) (end -1.29 1.545) (layer F.SilkS) (width 0.12))
    (fp_line (start -1.95 -3.25) (end -1.95 3.25) (layer F.CrtYd) (width 0.05))
    (fp_line (start -1.95 3.25) (end 4.5 3.25) (layer F.CrtYd) (width 0.05))
    (fp_line (start 4.5 3.25) (end 4.5 -3.25) (layer F.CrtYd) (width 0.05))
    (fp_line (start 4.5 -3.25) (end -1.95 -3.25) (layer F.CrtYd) (width 0.05))
    (pad 2 thru_hole circle (at 2.54 0 180) (size 1.8 1.8) (drill 0.9) (layers *.Cu *.Mask)
      (net 5 "Net-(D4-Pad2)"))
    (pad 1 thru_hole rect (at 0 0 180) (size 1.8 1.8) (drill 0.9) (layers *.Cu *.Mask)
      (net 2 "Net-(D1-Pad1)"))
    (model ${KISYS3DMOD}/LED_THT.3dshapes/LED_D5.0mm.wrl
      (at (xyz 0 0 0))
      (scale (xyz 1 1 1))
      (rotate (xyz 0 0 0))
    )
  )

  (module LED_THT:LED_D5.0mm (layer F.Cu) (tedit 5995936A) (tstamp 603ECF2F)
    (at 217.212855 57.912 180)
    (descr "LED, diameter 5.0mm, 2 pins, http://cdn-reichelt.de/documents/datenblatt/A500/LL-504BC2E-009.pdf")
    (tags "LED diameter 5.0mm 2 pins")
    (path /603EA1E1)
    (fp_text reference D5 (at 1.27 6.708) (layer F.SilkS)
      (effects (font (size 1 1) (thickness 0.15)))
    )
    (fp_text value LED (at 1.27 3.96) (layer F.Fab)
      (effects (font (size 1 1) (thickness 0.15)))
    )
    (fp_line (start 4.5 -3.25) (end -1.95 -3.25) (layer F.CrtYd) (width 0.05))
    (fp_line (start 4.5 3.25) (end 4.5 -3.25) (layer F.CrtYd) (width 0.05))
    (fp_line (start -1.95 3.25) (end 4.5 3.25) (layer F.CrtYd) (width 0.05))
    (fp_line (start -1.95 -3.25) (end -1.95 3.25) (layer F.CrtYd) (width 0.05))
    (fp_line (start -1.29 -1.545) (end -1.29 1.545) (layer F.SilkS) (width 0.12))
    (fp_line (start -1.23 -1.469694) (end -1.23 1.469694) (layer F.Fab) (width 0.1))
    (fp_circle (center 1.27 0) (end 3.77 0) (layer F.SilkS) (width 0.12))
    (fp_circle (center 1.27 0) (end 3.77 0) (layer F.Fab) (width 0.1))
    (fp_arc (start 1.27 0) (end -1.23 -1.469694) (angle 299.1) (layer F.Fab) (width 0.1))
    (fp_arc (start 1.27 0) (end -1.29 -1.54483) (angle 148.9) (layer F.SilkS) (width 0.12))
    (fp_arc (start 1.27 0) (end -1.29 1.54483) (angle -148.9) (layer F.SilkS) (width 0.12))
    (fp_text user %R (at 1.25 0) (layer F.Fab)
      (effects (font (size 0.8 0.8) (thickness 0.2)))
    )
    (pad 1 thru_hole rect (at 0 0 180) (size 1.8 1.8) (drill 0.9) (layers *.Cu *.Mask)
      (net 2 "Net-(D1-Pad1)"))
    (pad 2 thru_hole circle (at 2.54 0 180) (size 1.8 1.8) (drill 0.9) (layers *.Cu *.Mask)
      (net 6 "Net-(D5-Pad2)"))
    (model ${KISYS3DMOD}/LED_THT.3dshapes/LED_D5.0mm.wrl
      (at (xyz 0 0 0))
      (scale (xyz 1 1 1))
      (rotate (xyz 0 0 0))
    )
  )

  (module LED_THT:LED_D5.0mm (layer F.Cu) (tedit 5995936A) (tstamp 603ECF41)
    (at 240.991426 57.912 180)
    (descr "LED, diameter 5.0mm, 2 pins, http://cdn-reichelt.de/documents/datenblatt/A500/LL-504BC2E-009.pdf")
    (tags "LED diameter 5.0mm 2 pins")
    (path /603EA385)
    (fp_text reference D6 (at 1.27 6.708) (layer F.SilkS)
      (effects (font (size 1 1) (thickness 0.15)))
    )
    (fp_text value LED (at 1.27 3.96) (layer F.Fab)
      (effects (font (size 1 1) (thickness 0.15)))
    )
    (fp_text user %R (at 1.25 0) (layer F.Fab)
      (effects (font (size 0.8 0.8) (thickness 0.2)))
    )
    (fp_arc (start 1.27 0) (end -1.29 1.54483) (angle -148.9) (layer F.SilkS) (width 0.12))
    (fp_arc (start 1.27 0) (end -1.29 -1.54483) (angle 148.9) (layer F.SilkS) (width 0.12))
    (fp_arc (start 1.27 0) (end -1.23 -1.469694) (angle 299.1) (layer F.Fab) (width 0.1))
    (fp_circle (center 1.27 0) (end 3.77 0) (layer F.Fab) (width 0.1))
    (fp_circle (center 1.27 0) (end 3.77 0) (layer F.SilkS) (width 0.12))
    (fp_line (start -1.23 -1.469694) (end -1.23 1.469694) (layer F.Fab) (width 0.1))
    (fp_line (start -1.29 -1.545) (end -1.29 1.545) (layer F.SilkS) (width 0.12))
    (fp_line (start -1.95 -3.25) (end -1.95 3.25) (layer F.CrtYd) (width 0.05))
    (fp_line (start -1.95 3.25) (end 4.5 3.25) (layer F.CrtYd) (width 0.05))
    (fp_line (start 4.5 3.25) (end 4.5 -3.25) (layer F.CrtYd) (width 0.05))
    (fp_line (start 4.5 -3.25) (end -1.95 -3.25) (layer F.CrtYd) (width 0.05))
    (pad 2 thru_hole circle (at 2.54 0 180) (size 1.8 1.8) (drill 0.9) (layers *.Cu *.Mask)
      (net 7 "Net-(D6-Pad2)"))
    (pad 1 thru_hole rect (at 0 0 180) (size 1.8 1.8) (drill 0.9) (layers *.Cu *.Mask)
      (net 2 "Net-(D1-Pad1)"))
    (model ${KISYS3DMOD}/LED_THT.3dshapes/LED_D5.0mm.wrl
      (at (xyz 0 0 0))
      (scale (xyz 1 1 1))
      (rotate (xyz 0 0 0))
    )
  )

  (module !Goody:PL-Stecker3pol (layer F.Cu) (tedit 60181B70) (tstamp 603ECF4D)
    (at 118.364 115.824)
    (descr PL-Stecker)
    (path /603EBAFC)
    (fp_text reference J1 (at 2.54 -4.572) (layer F.SilkS)
      (effects (font (size 1 1) (thickness 0.15)))
    )
    (fp_text value PL-Stecker_3pol (at 3.54 -5.5) (layer F.Fab) hide
      (effects (font (size 1 1) (thickness 0.15)))
    )
    (fp_line (start -1.5 -2.5) (end 6.35 -2.49) (layer F.SilkS) (width 0.12))
    (fp_line (start -1.5 2.7304) (end -1.5254 -2.5) (layer F.SilkS) (width 0.12))
    (fp_line (start -1.5 2.7304) (end 6.35 2.74) (layer F.SilkS) (width 0.12))
    (fp_line (start 6.35 2.74) (end 6.35 -2.4904) (layer F.SilkS) (width 0.12))
    (fp_line (start -1.5 -1.5) (end 6.35 -1.48) (layer F.SilkS) (width 0.12))
    (pad 3 thru_hole circle (at 5.08 0) (size 2 2) (drill 1) (layers *.Cu *.Mask)
      (net 8 "Net-(J1-Pad3)"))
    (pad 2 thru_hole circle (at 2.54 0) (size 2 2) (drill 1) (layers *.Cu *.Mask)
      (net 9 "Net-(J1-Pad2)"))
    (pad 1 thru_hole circle (at 0 0) (size 2 2) (drill 1) (layers *.Cu *.Mask)
      (net 2 "Net-(D1-Pad1)"))
  )

  (module !Goody:PL-Stecker3pol (layer F.Cu) (tedit 60181B70) (tstamp 603ECF59)
    (at 118.364 124.968)
    (descr PL-Stecker)
    (path /603F04E0)
    (fp_text reference J2 (at 2.286 -4.516) (layer F.SilkS)
      (effects (font (size 1 1) (thickness 0.15)))
    )
    (fp_text value PL-Stecker_3pol (at 3.54 -5.5) (layer F.Fab) hide
      (effects (font (size 1 1) (thickness 0.15)))
    )
    (fp_line (start -1.5 -2.5) (end 6.35 -2.49) (layer F.SilkS) (width 0.12))
    (fp_line (start -1.5 2.7304) (end -1.5254 -2.5) (layer F.SilkS) (width 0.12))
    (fp_line (start -1.5 2.7304) (end 6.35 2.74) (layer F.SilkS) (width 0.12))
    (fp_line (start 6.35 2.74) (end 6.35 -2.4904) (layer F.SilkS) (width 0.12))
    (fp_line (start -1.5 -1.5) (end 6.35 -1.48) (layer F.SilkS) (width 0.12))
    (pad 3 thru_hole circle (at 5.08 0) (size 2 2) (drill 1) (layers *.Cu *.Mask)
      (net 10 "Net-(J2-Pad3)"))
    (pad 2 thru_hole circle (at 2.54 0) (size 2 2) (drill 1) (layers *.Cu *.Mask)
      (net 11 "Net-(J2-Pad2)"))
    (pad 1 thru_hole circle (at 0 0) (size 2 2) (drill 1) (layers *.Cu *.Mask)
      (net 2 "Net-(D1-Pad1)"))
  )

  (module !Goody:PL-Stecker3pol (layer F.Cu) (tedit 60181B70) (tstamp 603ECF65)
    (at 118.364 134.112)
    (descr PL-Stecker)
    (path /603F4AEC)
    (fp_text reference J3 (at 2.286 -4.262) (layer F.SilkS)
      (effects (font (size 1 1) (thickness 0.15)))
    )
    (fp_text value PL-Stecker_3pol (at 3.54 -5.5) (layer F.Fab) hide
      (effects (font (size 1 1) (thickness 0.15)))
    )
    (fp_line (start -1.5 -2.5) (end 6.35 -2.49) (layer F.SilkS) (width 0.12))
    (fp_line (start -1.5 2.7304) (end -1.5254 -2.5) (layer F.SilkS) (width 0.12))
    (fp_line (start -1.5 2.7304) (end 6.35 2.74) (layer F.SilkS) (width 0.12))
    (fp_line (start 6.35 2.74) (end 6.35 -2.4904) (layer F.SilkS) (width 0.12))
    (fp_line (start -1.5 -1.5) (end 6.35 -1.48) (layer F.SilkS) (width 0.12))
    (pad 3 thru_hole circle (at 5.08 0) (size 2 2) (drill 1) (layers *.Cu *.Mask)
      (net 12 "Net-(J3-Pad3)"))
    (pad 2 thru_hole circle (at 2.54 0) (size 2 2) (drill 1) (layers *.Cu *.Mask)
      (net 13 "Net-(J3-Pad2)"))
    (pad 1 thru_hole circle (at 0 0) (size 2 2) (drill 1) (layers *.Cu *.Mask)
      (net 2 "Net-(D1-Pad1)"))
  )

  (module !Goody:PL-Stecker3pol (layer F.Cu) (tedit 60181B70) (tstamp 603ECF71)
    (at 142.1892 115.824)
    (descr PL-Stecker)
    (path /603EBCC7)
    (fp_text reference J4 (at 2.54 -4.516) (layer F.SilkS)
      (effects (font (size 1 1) (thickness 0.15)))
    )
    (fp_text value PL-Stecker_3pol (at 3.54 -5.5) (layer F.Fab) hide
      (effects (font (size 1 1) (thickness 0.15)))
    )
    (fp_line (start -1.5 -1.5) (end 6.35 -1.48) (layer F.SilkS) (width 0.12))
    (fp_line (start 6.35 2.74) (end 6.35 -2.4904) (layer F.SilkS) (width 0.12))
    (fp_line (start -1.5 2.7304) (end 6.35 2.74) (layer F.SilkS) (width 0.12))
    (fp_line (start -1.5 2.7304) (end -1.5254 -2.5) (layer F.SilkS) (width 0.12))
    (fp_line (start -1.5 -2.5) (end 6.35 -2.49) (layer F.SilkS) (width 0.12))
    (pad 1 thru_hole circle (at 0 0) (size 2 2) (drill 1) (layers *.Cu *.Mask)
      (net 2 "Net-(D1-Pad1)"))
    (pad 2 thru_hole circle (at 2.54 0) (size 2 2) (drill 1) (layers *.Cu *.Mask)
      (net 14 "Net-(J4-Pad2)"))
    (pad 3 thru_hole circle (at 5.08 0) (size 2 2) (drill 1) (layers *.Cu *.Mask)
      (net 15 "Net-(J4-Pad3)"))
  )

  (module !Goody:PL-Stecker3pol (layer F.Cu) (tedit 60181B70) (tstamp 603ECF7D)
    (at 142.1892 124.968)
    (descr PL-Stecker)
    (path /603F04E6)
    (fp_text reference J5 (at 2.286 -4.516) (layer F.SilkS)
      (effects (font (size 1 1) (thickness 0.15)))
    )
    (fp_text value PL-Stecker_3pol (at 3.54 -5.5) (layer F.Fab) hide
      (effects (font (size 1 1) (thickness 0.15)))
    )
    (fp_line (start -1.5 -1.5) (end 6.35 -1.48) (layer F.SilkS) (width 0.12))
    (fp_line (start 6.35 2.74) (end 6.35 -2.4904) (layer F.SilkS) (width 0.12))
    (fp_line (start -1.5 2.7304) (end 6.35 2.74) (layer F.SilkS) (width 0.12))
    (fp_line (start -1.5 2.7304) (end -1.5254 -2.5) (layer F.SilkS) (width 0.12))
    (fp_line (start -1.5 -2.5) (end 6.35 -2.49) (layer F.SilkS) (width 0.12))
    (pad 1 thru_hole circle (at 0 0) (size 2 2) (drill 1) (layers *.Cu *.Mask)
      (net 2 "Net-(D1-Pad1)"))
    (pad 2 thru_hole circle (at 2.54 0) (size 2 2) (drill 1) (layers *.Cu *.Mask)
      (net 16 "Net-(J5-Pad2)"))
    (pad 3 thru_hole circle (at 5.08 0) (size 2 2) (drill 1) (layers *.Cu *.Mask)
      (net 17 "Net-(J5-Pad3)"))
  )

  (module !Goody:PL-Stecker3pol (layer F.Cu) (tedit 60181B70) (tstamp 603ECF89)
    (at 142.1892 134.112)
    (descr PL-Stecker)
    (path /603F4AF2)
    (fp_text reference J6 (at 2.286 -4.262) (layer F.SilkS)
      (effects (font (size 1 1) (thickness 0.15)))
    )
    (fp_text value PL-Stecker_3pol (at 3.54 -5.5) (layer F.Fab) hide
      (effects (font (size 1 1) (thickness 0.15)))
    )
    (fp_line (start -1.5 -2.5) (end 6.35 -2.49) (layer F.SilkS) (width 0.12))
    (fp_line (start -1.5 2.7304) (end -1.5254 -2.5) (layer F.SilkS) (width 0.12))
    (fp_line (start -1.5 2.7304) (end 6.35 2.74) (layer F.SilkS) (width 0.12))
    (fp_line (start 6.35 2.74) (end 6.35 -2.4904) (layer F.SilkS) (width 0.12))
    (fp_line (start -1.5 -1.5) (end 6.35 -1.48) (layer F.SilkS) (width 0.12))
    (pad 3 thru_hole circle (at 5.08 0) (size 2 2) (drill 1) (layers *.Cu *.Mask)
      (net 18 "Net-(J6-Pad3)"))
    (pad 2 thru_hole circle (at 2.54 0) (size 2 2) (drill 1) (layers *.Cu *.Mask)
      (net 19 "Net-(J6-Pad2)"))
    (pad 1 thru_hole circle (at 0 0) (size 2 2) (drill 1) (layers *.Cu *.Mask)
      (net 2 "Net-(D1-Pad1)"))
  )

  (module !Goody:PL-Stecker3pol (layer F.Cu) (tedit 60181B70) (tstamp 603ECF95)
    (at 166.0144 115.824)
    (descr PL-Stecker)
    (path /603EBEE4)
    (fp_text reference J7 (at 2.54 -4.516) (layer F.SilkS)
      (effects (font (size 1 1) (thickness 0.15)))
    )
    (fp_text value PL-Stecker_3pol (at 3.54 -5.5) (layer F.Fab) hide
      (effects (font (size 1 1) (thickness 0.15)))
    )
    (fp_line (start -1.5 -2.5) (end 6.35 -2.49) (layer F.SilkS) (width 0.12))
    (fp_line (start -1.5 2.7304) (end -1.5254 -2.5) (layer F.SilkS) (width 0.12))
    (fp_line (start -1.5 2.7304) (end 6.35 2.74) (layer F.SilkS) (width 0.12))
    (fp_line (start 6.35 2.74) (end 6.35 -2.4904) (layer F.SilkS) (width 0.12))
    (fp_line (start -1.5 -1.5) (end 6.35 -1.48) (layer F.SilkS) (width 0.12))
    (pad 3 thru_hole circle (at 5.08 0) (size 2 2) (drill 1) (layers *.Cu *.Mask)
      (net 20 "Net-(J7-Pad3)"))
    (pad 2 thru_hole circle (at 2.54 0) (size 2 2) (drill 1) (layers *.Cu *.Mask)
      (net 21 "Net-(J7-Pad2)"))
    (pad 1 thru_hole circle (at 0 0) (size 2 2) (drill 1) (layers *.Cu *.Mask)
      (net 2 "Net-(D1-Pad1)"))
  )

  (module !Goody:PL-Stecker3pol (layer F.Cu) (tedit 60181B70) (tstamp 603ECFA1)
    (at 166.0144 124.968)
    (descr PL-Stecker)
    (path /603F04EC)
    (fp_text reference J8 (at 2.286 -4.516) (layer F.SilkS)
      (effects (font (size 1 1) (thickness 0.15)))
    )
    (fp_text value PL-Stecker_3pol (at 3.54 -5.5) (layer F.Fab) hide
      (effects (font (size 1 1) (thickness 0.15)))
    )
    (fp_line (start -1.5 -2.5) (end 6.35 -2.49) (layer F.SilkS) (width 0.12))
    (fp_line (start -1.5 2.7304) (end -1.5254 -2.5) (layer F.SilkS) (width 0.12))
    (fp_line (start -1.5 2.7304) (end 6.35 2.74) (layer F.SilkS) (width 0.12))
    (fp_line (start 6.35 2.74) (end 6.35 -2.4904) (layer F.SilkS) (width 0.12))
    (fp_line (start -1.5 -1.5) (end 6.35 -1.48) (layer F.SilkS) (width 0.12))
    (pad 3 thru_hole circle (at 5.08 0) (size 2 2) (drill 1) (layers *.Cu *.Mask)
      (net 22 "Net-(J8-Pad3)"))
    (pad 2 thru_hole circle (at 2.54 0) (size 2 2) (drill 1) (layers *.Cu *.Mask)
      (net 23 "Net-(J8-Pad2)"))
    (pad 1 thru_hole circle (at 0 0) (size 2 2) (drill 1) (layers *.Cu *.Mask)
      (net 2 "Net-(D1-Pad1)"))
  )

  (module !Goody:PL-Stecker3pol (layer F.Cu) (tedit 60181B70) (tstamp 603ECFAD)
    (at 166.0144 134.112)
    (descr PL-Stecker)
    (path /603F4AF8)
    (fp_text reference J9 (at 2.286 -4.262) (layer F.SilkS)
      (effects (font (size 1 1) (thickness 0.15)))
    )
    (fp_text value PL-Stecker_3pol (at 3.54 -5.5) (layer F.Fab) hide
      (effects (font (size 1 1) (thickness 0.15)))
    )
    (fp_line (start -1.5 -1.5) (end 6.35 -1.48) (layer F.SilkS) (width 0.12))
    (fp_line (start 6.35 2.74) (end 6.35 -2.4904) (layer F.SilkS) (width 0.12))
    (fp_line (start -1.5 2.7304) (end 6.35 2.74) (layer F.SilkS) (width 0.12))
    (fp_line (start -1.5 2.7304) (end -1.5254 -2.5) (layer F.SilkS) (width 0.12))
    (fp_line (start -1.5 -2.5) (end 6.35 -2.49) (layer F.SilkS) (width 0.12))
    (pad 1 thru_hole circle (at 0 0) (size 2 2) (drill 1) (layers *.Cu *.Mask)
      (net 2 "Net-(D1-Pad1)"))
    (pad 2 thru_hole circle (at 2.54 0) (size 2 2) (drill 1) (layers *.Cu *.Mask)
      (net 24 "Net-(J9-Pad2)"))
    (pad 3 thru_hole circle (at 5.08 0) (size 2 2) (drill 1) (layers *.Cu *.Mask)
      (net 25 "Net-(J9-Pad3)"))
  )

  (module !Goody:PL-Stecker3pol (layer F.Cu) (tedit 60181B70) (tstamp 603ECFB9)
    (at 189.8396 115.824)
    (descr PL-Stecker)
    (path /603EDE28)
    (fp_text reference J10 (at 2.54 -4.516) (layer F.SilkS)
      (effects (font (size 1 1) (thickness 0.15)))
    )
    (fp_text value PL-Stecker_3pol (at 3.54 -5.5) (layer F.Fab) hide
      (effects (font (size 1 1) (thickness 0.15)))
    )
    (fp_line (start -1.5 -1.5) (end 6.35 -1.48) (layer F.SilkS) (width 0.12))
    (fp_line (start 6.35 2.74) (end 6.35 -2.4904) (layer F.SilkS) (width 0.12))
    (fp_line (start -1.5 2.7304) (end 6.35 2.74) (layer F.SilkS) (width 0.12))
    (fp_line (start -1.5 2.7304) (end -1.5254 -2.5) (layer F.SilkS) (width 0.12))
    (fp_line (start -1.5 -2.5) (end 6.35 -2.49) (layer F.SilkS) (width 0.12))
    (pad 1 thru_hole circle (at 0 0) (size 2 2) (drill 1) (layers *.Cu *.Mask)
      (net 2 "Net-(D1-Pad1)"))
    (pad 2 thru_hole circle (at 2.54 0) (size 2 2) (drill 1) (layers *.Cu *.Mask)
      (net 26 "Net-(J10-Pad2)"))
    (pad 3 thru_hole circle (at 5.08 0) (size 2 2) (drill 1) (layers *.Cu *.Mask)
      (net 27 "Net-(J10-Pad3)"))
  )

  (module !Goody:PL-Stecker3pol (layer F.Cu) (tedit 60181B70) (tstamp 603ECFC5)
    (at 189.8396 124.968)
    (descr PL-Stecker)
    (path /603F04F2)
    (fp_text reference J11 (at 2.286 -4.516) (layer F.SilkS)
      (effects (font (size 1 1) (thickness 0.15)))
    )
    (fp_text value PL-Stecker_3pol (at 3.54 -5.5) (layer F.Fab) hide
      (effects (font (size 1 1) (thickness 0.15)))
    )
    (fp_line (start -1.5 -1.5) (end 6.35 -1.48) (layer F.SilkS) (width 0.12))
    (fp_line (start 6.35 2.74) (end 6.35 -2.4904) (layer F.SilkS) (width 0.12))
    (fp_line (start -1.5 2.7304) (end 6.35 2.74) (layer F.SilkS) (width 0.12))
    (fp_line (start -1.5 2.7304) (end -1.5254 -2.5) (layer F.SilkS) (width 0.12))
    (fp_line (start -1.5 -2.5) (end 6.35 -2.49) (layer F.SilkS) (width 0.12))
    (pad 1 thru_hole circle (at 0 0) (size 2 2) (drill 1) (layers *.Cu *.Mask)
      (net 2 "Net-(D1-Pad1)"))
    (pad 2 thru_hole circle (at 2.54 0) (size 2 2) (drill 1) (layers *.Cu *.Mask)
      (net 28 "Net-(J11-Pad2)"))
    (pad 3 thru_hole circle (at 5.08 0) (size 2 2) (drill 1) (layers *.Cu *.Mask)
      (net 29 "Net-(J11-Pad3)"))
  )

  (module !Goody:PL-Stecker3pol (layer F.Cu) (tedit 60181B70) (tstamp 603ECFD1)
    (at 189.8396 134.112)
    (descr PL-Stecker)
    (path /603F4AFE)
    (fp_text reference J12 (at 2.286 -4.262) (layer F.SilkS)
      (effects (font (size 1 1) (thickness 0.15)))
    )
    (fp_text value PL-Stecker_3pol (at 3.54 -5.5) (layer F.Fab) hide
      (effects (font (size 1 1) (thickness 0.15)))
    )
    (fp_line (start -1.5 -2.5) (end 6.35 -2.49) (layer F.SilkS) (width 0.12))
    (fp_line (start -1.5 2.7304) (end -1.5254 -2.5) (layer F.SilkS) (width 0.12))
    (fp_line (start -1.5 2.7304) (end 6.35 2.74) (layer F.SilkS) (width 0.12))
    (fp_line (start 6.35 2.74) (end 6.35 -2.4904) (layer F.SilkS) (width 0.12))
    (fp_line (start -1.5 -1.5) (end 6.35 -1.48) (layer F.SilkS) (width 0.12))
    (pad 3 thru_hole circle (at 5.08 0) (size 2 2) (drill 1) (layers *.Cu *.Mask)
      (net 30 "Net-(J12-Pad3)"))
    (pad 2 thru_hole circle (at 2.54 0) (size 2 2) (drill 1) (layers *.Cu *.Mask)
      (net 31 "Net-(J12-Pad2)"))
    (pad 1 thru_hole circle (at 0 0) (size 2 2) (drill 1) (layers *.Cu *.Mask)
      (net 2 "Net-(D1-Pad1)"))
  )

  (module !Goody:PL-Stecker3pol (layer F.Cu) (tedit 60181B70) (tstamp 603ECFDD)
    (at 213.6648 115.824)
    (descr PL-Stecker)
    (path /603EDE2E)
    (fp_text reference J13 (at 2.54 -4.516) (layer F.SilkS)
      (effects (font (size 1 1) (thickness 0.15)))
    )
    (fp_text value PL-Stecker_3pol (at 3.54 -5.5) (layer F.Fab) hide
      (effects (font (size 1 1) (thickness 0.15)))
    )
    (fp_line (start -1.5 -2.5) (end 6.35 -2.49) (layer F.SilkS) (width 0.12))
    (fp_line (start -1.5 2.7304) (end -1.5254 -2.5) (layer F.SilkS) (width 0.12))
    (fp_line (start -1.5 2.7304) (end 6.35 2.74) (layer F.SilkS) (width 0.12))
    (fp_line (start 6.35 2.74) (end 6.35 -2.4904) (layer F.SilkS) (width 0.12))
    (fp_line (start -1.5 -1.5) (end 6.35 -1.48) (layer F.SilkS) (width 0.12))
    (pad 3 thru_hole circle (at 5.08 0) (size 2 2) (drill 1) (layers *.Cu *.Mask)
      (net 32 "Net-(J13-Pad3)"))
    (pad 2 thru_hole circle (at 2.54 0) (size 2 2) (drill 1) (layers *.Cu *.Mask)
      (net 33 "Net-(J13-Pad2)"))
    (pad 1 thru_hole circle (at 0 0) (size 2 2) (drill 1) (layers *.Cu *.Mask)
      (net 2 "Net-(D1-Pad1)"))
  )

  (module !Goody:PL-Stecker3pol (layer F.Cu) (tedit 60181B70) (tstamp 603ECFE9)
    (at 213.6648 124.968)
    (descr PL-Stecker)
    (path /603F04F8)
    (fp_text reference J14 (at 2.286 -4.516) (layer F.SilkS)
      (effects (font (size 1 1) (thickness 0.15)))
    )
    (fp_text value PL-Stecker_3pol (at 3.54 -5.5) (layer F.Fab) hide
      (effects (font (size 1 1) (thickness 0.15)))
    )
    (fp_line (start -1.5 -1.5) (end 6.35 -1.48) (layer F.SilkS) (width 0.12))
    (fp_line (start 6.35 2.74) (end 6.35 -2.4904) (layer F.SilkS) (width 0.12))
    (fp_line (start -1.5 2.7304) (end 6.35 2.74) (layer F.SilkS) (width 0.12))
    (fp_line (start -1.5 2.7304) (end -1.5254 -2.5) (layer F.SilkS) (width 0.12))
    (fp_line (start -1.5 -2.5) (end 6.35 -2.49) (layer F.SilkS) (width 0.12))
    (pad 1 thru_hole circle (at 0 0) (size 2 2) (drill 1) (layers *.Cu *.Mask)
      (net 2 "Net-(D1-Pad1)"))
    (pad 2 thru_hole circle (at 2.54 0) (size 2 2) (drill 1) (layers *.Cu *.Mask)
      (net 34 "Net-(J14-Pad2)"))
    (pad 3 thru_hole circle (at 5.08 0) (size 2 2) (drill 1) (layers *.Cu *.Mask)
      (net 35 "Net-(J14-Pad3)"))
  )

  (module !Goody:PL-Stecker3pol (layer F.Cu) (tedit 60181B70) (tstamp 603ECFF5)
    (at 213.6648 134.112)
    (descr PL-Stecker)
    (path /603F4B04)
    (fp_text reference J15 (at 2.286 -4.262) (layer F.SilkS)
      (effects (font (size 1 1) (thickness 0.15)))
    )
    (fp_text value PL-Stecker_3pol (at 3.54 -5.5) (layer F.Fab) hide
      (effects (font (size 1 1) (thickness 0.15)))
    )
    (fp_line (start -1.5 -1.5) (end 6.35 -1.48) (layer F.SilkS) (width 0.12))
    (fp_line (start 6.35 2.74) (end 6.35 -2.4904) (layer F.SilkS) (width 0.12))
    (fp_line (start -1.5 2.7304) (end 6.35 2.74) (layer F.SilkS) (width 0.12))
    (fp_line (start -1.5 2.7304) (end -1.5254 -2.5) (layer F.SilkS) (width 0.12))
    (fp_line (start -1.5 -2.5) (end 6.35 -2.49) (layer F.SilkS) (width 0.12))
    (pad 1 thru_hole circle (at 0 0) (size 2 2) (drill 1) (layers *.Cu *.Mask)
      (net 2 "Net-(D1-Pad1)"))
    (pad 2 thru_hole circle (at 2.54 0) (size 2 2) (drill 1) (layers *.Cu *.Mask)
      (net 36 "Net-(J15-Pad2)"))
    (pad 3 thru_hole circle (at 5.08 0) (size 2 2) (drill 1) (layers *.Cu *.Mask)
      (net 37 "Net-(J15-Pad3)"))
  )

  (module !Goody:PL-Stecker3pol (layer F.Cu) (tedit 60181B70) (tstamp 603ED001)
    (at 237.49 115.824)
    (descr PL-Stecker)
    (path /603EDE34)
    (fp_text reference J16 (at 2.54 -4.516) (layer F.SilkS)
      (effects (font (size 1 1) (thickness 0.15)))
    )
    (fp_text value PL-Stecker_3pol (at 3.54 -5.5) (layer F.Fab) hide
      (effects (font (size 1 1) (thickness 0.15)))
    )
    (fp_line (start -1.5 -1.5) (end 6.35 -1.48) (layer F.SilkS) (width 0.12))
    (fp_line (start 6.35 2.74) (end 6.35 -2.4904) (layer F.SilkS) (width 0.12))
    (fp_line (start -1.5 2.7304) (end 6.35 2.74) (layer F.SilkS) (width 0.12))
    (fp_line (start -1.5 2.7304) (end -1.5254 -2.5) (layer F.SilkS) (width 0.12))
    (fp_line (start -1.5 -2.5) (end 6.35 -2.49) (layer F.SilkS) (width 0.12))
    (pad 1 thru_hole circle (at 0 0) (size 2 2) (drill 1) (layers *.Cu *.Mask)
      (net 2 "Net-(D1-Pad1)"))
    (pad 2 thru_hole circle (at 2.54 0) (size 2 2) (drill 1) (layers *.Cu *.Mask)
      (net 38 "Net-(J16-Pad2)"))
    (pad 3 thru_hole circle (at 5.08 0) (size 2 2) (drill 1) (layers *.Cu *.Mask)
      (net 39 "Net-(J16-Pad3)"))
  )

  (module !Goody:PL-Stecker3pol (layer F.Cu) (tedit 60181B70) (tstamp 603ED00D)
    (at 237.49 124.968)
    (descr PL-Stecker)
    (path /603F04FE)
    (fp_text reference J17 (at 2.286 -4.516) (layer F.SilkS)
      (effects (font (size 1 1) (thickness 0.15)))
    )
    (fp_text value PL-Stecker_3pol (at 3.54 -5.5) (layer F.Fab) hide
      (effects (font (size 1 1) (thickness 0.15)))
    )
    (fp_line (start -1.5 -1.5) (end 6.35 -1.48) (layer F.SilkS) (width 0.12))
    (fp_line (start 6.35 2.74) (end 6.35 -2.4904) (layer F.SilkS) (width 0.12))
    (fp_line (start -1.5 2.7304) (end 6.35 2.74) (layer F.SilkS) (width 0.12))
    (fp_line (start -1.5 2.7304) (end -1.5254 -2.5) (layer F.SilkS) (width 0.12))
    (fp_line (start -1.5 -2.5) (end 6.35 -2.49) (layer F.SilkS) (width 0.12))
    (pad 1 thru_hole circle (at 0 0) (size 2 2) (drill 1) (layers *.Cu *.Mask)
      (net 2 "Net-(D1-Pad1)"))
    (pad 2 thru_hole circle (at 2.54 0) (size 2 2) (drill 1) (layers *.Cu *.Mask)
      (net 40 "Net-(J17-Pad2)"))
    (pad 3 thru_hole circle (at 5.08 0) (size 2 2) (drill 1) (layers *.Cu *.Mask)
      (net 41 "Net-(J17-Pad3)"))
  )

  (module !Goody:PL-Stecker3pol (layer F.Cu) (tedit 60181B70) (tstamp 603ED019)
    (at 237.49 134.112)
    (descr PL-Stecker)
    (path /603F4B0A)
    (fp_text reference J18 (at 2.286 -4.262) (layer F.SilkS)
      (effects (font (size 1 1) (thickness 0.15)))
    )
    (fp_text value PL-Stecker_3pol (at 3.54 -5.5) (layer F.Fab) hide
      (effects (font (size 1 1) (thickness 0.15)))
    )
    (fp_line (start -1.5 -2.5) (end 6.35 -2.49) (layer F.SilkS) (width 0.12))
    (fp_line (start -1.5 2.7304) (end -1.5254 -2.5) (layer F.SilkS) (width 0.12))
    (fp_line (start -1.5 2.7304) (end 6.35 2.74) (layer F.SilkS) (width 0.12))
    (fp_line (start 6.35 2.74) (end 6.35 -2.4904) (layer F.SilkS) (width 0.12))
    (fp_line (start -1.5 -1.5) (end 6.35 -1.48) (layer F.SilkS) (width 0.12))
    (pad 3 thru_hole circle (at 5.08 0) (size 2 2) (drill 1) (layers *.Cu *.Mask)
      (net 42 "Net-(J18-Pad3)"))
    (pad 2 thru_hole circle (at 2.54 0) (size 2 2) (drill 1) (layers *.Cu *.Mask)
      (net 43 "Net-(J18-Pad2)"))
    (pad 1 thru_hole circle (at 0 0) (size 2 2) (drill 1) (layers *.Cu *.Mask)
      (net 2 "Net-(D1-Pad1)"))
  )

  (module Resistor_THT:R_Axial_DIN0309_L9.0mm_D3.2mm_P12.70mm_Horizontal (layer F.Cu) (tedit 5AE5139B) (tstamp 603ED030)
    (at 114.808 105.918)
    (descr "Resistor, Axial_DIN0309 series, Axial, Horizontal, pin pitch=12.7mm, 0.5W = 1/2W, length*diameter=9*3.2mm^2, http://cdn-reichelt.de/documents/datenblatt/B400/1_4W%23YAG.pdf")
    (tags "Resistor Axial_DIN0309 series Axial Horizontal pin pitch 12.7mm 0.5W = 1/2W length 9mm diameter 3.2mm")
    (path /603F7131)
    (fp_text reference R1 (at 6.35 -4.244) (layer F.SilkS)
      (effects (font (size 1 1) (thickness 0.15)))
    )
    (fp_text value R (at 6.35 2.72) (layer F.Fab)
      (effects (font (size 1 1) (thickness 0.15)))
    )
    (fp_text user %R (at 6.35 0) (layer F.Fab)
      (effects (font (size 1 1) (thickness 0.15)))
    )
    (fp_line (start 1.85 -1.6) (end 1.85 1.6) (layer F.Fab) (width 0.1))
    (fp_line (start 1.85 1.6) (end 10.85 1.6) (layer F.Fab) (width 0.1))
    (fp_line (start 10.85 1.6) (end 10.85 -1.6) (layer F.Fab) (width 0.1))
    (fp_line (start 10.85 -1.6) (end 1.85 -1.6) (layer F.Fab) (width 0.1))
    (fp_line (start 0 0) (end 1.85 0) (layer F.Fab) (width 0.1))
    (fp_line (start 12.7 0) (end 10.85 0) (layer F.Fab) (width 0.1))
    (fp_line (start 1.73 -1.72) (end 1.73 1.72) (layer F.SilkS) (width 0.12))
    (fp_line (start 1.73 1.72) (end 10.97 1.72) (layer F.SilkS) (width 0.12))
    (fp_line (start 10.97 1.72) (end 10.97 -1.72) (layer F.SilkS) (width 0.12))
    (fp_line (start 10.97 -1.72) (end 1.73 -1.72) (layer F.SilkS) (width 0.12))
    (fp_line (start 1.04 0) (end 1.73 0) (layer F.SilkS) (width 0.12))
    (fp_line (start 11.66 0) (end 10.97 0) (layer F.SilkS) (width 0.12))
    (fp_line (start -1.05 -1.85) (end -1.05 1.85) (layer F.CrtYd) (width 0.05))
    (fp_line (start -1.05 1.85) (end 13.75 1.85) (layer F.CrtYd) (width 0.05))
    (fp_line (start 13.75 1.85) (end 13.75 -1.85) (layer F.CrtYd) (width 0.05))
    (fp_line (start 13.75 -1.85) (end -1.05 -1.85) (layer F.CrtYd) (width 0.05))
    (pad 2 thru_hole oval (at 12.7 0) (size 1.6 1.6) (drill 0.8) (layers *.Cu *.Mask)
      (net 11 "Net-(J2-Pad2)"))
    (pad 1 thru_hole circle (at 0 0) (size 1.6 1.6) (drill 0.8) (layers *.Cu *.Mask)
      (net 44 "Net-(R1-Pad1)"))
    (model ${KISYS3DMOD}/Resistor_THT.3dshapes/R_Axial_DIN0309_L9.0mm_D3.2mm_P12.70mm_Horizontal.wrl
      (at (xyz 0 0 0))
      (scale (xyz 1 1 1))
      (rotate (xyz 0 0 0))
    )
  )

